1	11.82
2	11.81
3	11.82
4	11.81
5	11.8
6	11.84
7	11.85
8	11.85
9	11.84
10	11.84
11	11.86
12	11.87
13	11.89
14	11.86
15	11.87
16	11.88
17	11.88
18	11.88
19	11.88
20	11.87
21	11.88
22	11.89
23	11.85
24	11.86
25	11.87
26	11.89
27	11.88
28	11.88
29	11.86
30	11.86
31	11.85
32	11.89
33	11.83
34	11.82
35	11.85
36	11.85
37	11.88
38	11.85
39	11.85
40	11.83
41	11.86
42	11.86
43	11.83
44	11.84
45	11.87
46	11.84
47	11.83
48	11.81
49	11.83
50	11.83
51	11.81
52	11.8
53	11.81
54	11.84
55	11.82
56	11.83
57	11.82
58	11.8
59	11.81
60	11.78
61	11.8
62	11.78
63	11.8
64	11.8
65	11.79
66	11.77
67	11.81
68	11.8
69	11.78
70	11.81
71	11.79
72	11.77
73	11.77
74	11.79
75	11.78
76	11.76
77	11.75
78	11.78
79	11.77
80	11.78
81	11.77
82	11.74
83	11.77
84	11.74
85	11.75
86	11.76
87	11.75
88	11.74
89	11.75
90	11.72
91	11.76
92	11.73
93	11.73
94	11.73
95	11.75
96	11.75
97	11.75
98	11.74
99	11.73
100	11.72
101	11.72
102	11.72
103	11.74
104	11.72
105	11.7
106	11.7
107	11.7
108	11.71
109	11.71
110	11.7
111	11.7
112	11.69
113	11.68
114	11.68
115	11.69
116	11.68
117	11.67
118	11.69
119	11.69
120	11.67
121	11.69
122	11.69
123	11.68
124	11.67
125	11.69
126	11.68
127	11.66
128	11.68
129	11.67
130	11.69
131	11.68
132	11.65
133	11.66
134	11.63
135	11.66
136	11.67
137	11.65
138	11.66
139	11.66
140	11.65
141	11.63
142	11.64
143	11.66
144	11.65
145	11.65
146	11.62
147	11.64
148	11.65
149	11.61
150	11.62
151	11.64
152	11.61
153	11.65
154	11.64
155	11.63
156	11.62
157	11.64
158	11.63
159	11.6
160	11.61
161	11.61
162	11.6
163	11.62
164	11.61
165	11.61
166	11.62
167	11.61
168	11.63
169	11.61
170	11.61
171	11.6
172	11.59
173	11.61
174	11.6
175	11.6
176	11.58
177	11.59
178	11.58
179	11.58
180	11.57
181	11.57
182	11.58
183	11.55
184	11.61
185	11.59
186	11.57
187	11.58
188	11.57
189	11.56
190	11.58
191	11.54
192	11.55
193	11.55
194	11.57
195	11.55
196	11.57
197	11.56
198	11.54
199	11.54
200	11.55
201	11.55
202	11.56
203	11.56
204	11.54
205	11.54
206	11.54
207	11.55
208	11.56
209	11.54
210	11.54
211	11.54
212	11.57
213	11.54
214	11.53
215	11.53
216	11.52
217	11.53
218	11.53
219	11.51
220	11.53
221	11.54
222	11.53
223	11.54
224	11.52
225	11.51
226	11.51
227	11.51
228	11.52
229	11.51
230	11.5
231	11.51
232	11.52
233	11.54
234	11.51
235	11.52
236	11.51
237	11.5
238	11.52
239	11.51
240	11.49
241	11.52
242	11.51
243	11.53
244	11.53
245	11.52
246	11.5
247	11.5
248	11.48
249	11.5
250	11.49
251	11.49
252	11.5
253	11.5
254	11.47
255	11.47
256	11.49
257	11.49
258	11.48
259	11.49
260	11.46
261	11.47
262	11.48
263	11.46
264	11.45
265	11.47
266	11.47
267	11.46
268	11.46
269	11.49
270	11.47
271	11.45
272	11.47
273	11.47
274	11.45
275	11.47
276	11.45
277	11.46
278	11.46
279	11.46
280	11.45
281	11.46
282	11.45
283	11.46
284	11.44
285	11.46
286	11.44
287	11.43
288	11.44
289	11.43
290	11.45
291	11.46
292	11.43
293	11.42
294	11.43
295	11.43
296	11.42
297	11.43
298	11.43
299	11.42
300	11.43
301	11.43
302	11.43
303	11.42
304	11.45
305	11.43
306	11.41
307	11.41
308	11.42
309	11.41
310	11.43
311	11.39
312	11.41
313	11.4
314	11.41
315	11.43
316	11.43
317	11.39
318	11.39
319	11.39
320	11.42
321	11.39
322	11.42
323	11.4
324	11.42
325	11.38
326	11.41
327	11.41
328	11.4
329	11.41
330	11.41
331	11.41
332	11.41
333	11.4
334	11.41
335	11.39
336	11.39
337	11.4
338	11.39
339	11.4
340	11.37
341	11.39
342	11.39
343	11.37
344	11.39
345	11.38
346	11.41
347	11.39
348	11.38
349	11.39
350	11.38
351	11.39
352	11.41
353	11.37
354	11.38
355	11.36
356	11.37
357	11.38
358	11.38
359	11.37
360	11.39
361	11.38
362	11.38
363	11.35
364	11.35
365	11.37
366	11.35
367	11.35
368	11.36
369	11.37
370	11.37
371	11.36
372	11.35
373	11.35
374	11.35
375	11.38
376	11.39
377	11.36
378	11.36
379	11.36
380	11.36
381	11.37
382	11.38
383	11.34
384	11.36
385	11.33
386	11.32
387	11.35
388	11.35
389	11.36
390	11.36
391	11.35
392	11.37
393	11.33
394	11.35
395	11.35
396	11.34
397	11.35
398	11.34
399	11.34
400	11.33
401	11.34
402	11.35
403	11.33
404	11.35
405	11.36
406	11.33
407	11.32
408	11.34
409	11.36
410	11.32
411	11.34
412	11.34
413	11.35
414	11.32
415	11.32
416	11.35
417	11.31
418	11.34
419	11.33
420	11.31
421	11.31
422	11.35
423	11.33
424	11.32
425	11.32
426	11.33
427	11.32
428	11.31
429	11.31
430	11.32
431	11.32
432	11.31
433	11.32
434	11.32
435	11.3
436	11.32
437	11.32
438	11.32
439	11.3
440	11.31
441	11.32
442	11.3
443	11.31
444	11.34
445	11.31
446	11.28
447	11.31
448	11.31
449	11.31
450	11.29
451	11.31
452	11.32
453	11.32
454	11.31
455	11.29
456	11.29
457	11.31
458	11.31
459	11.29
460	11.3
461	11.28
462	11.26
463	11.27
464	11.27
465	11.29
466	11.29
467	11.29
468	11.29
469	11.29
470	11.29
471	11.28
472	11.28
473	11.3
474	11.29
475	11.3
476	11.28
477	11.29
478	11.29
479	11.28
480	11.27
481	11.28
482	11.28
483	11.28
484	11.28
485	11.26
486	11.27
487	11.26
488	11.27
489	11.28
490	11.26
491	11.26
492	11.28
493	11.26
494	11.24
495	11.28
496	11.27
497	11.28
498	11.26
499	11.26
500	11.27
501	11.27
502	11.27
503	11.28
504	11.27
505	11.26
506	11.27
507	11.26
508	11.29
509	11.26
510	11.29
511	11.26
512	11.25
513	11.26
514	11.26
515	11.25
516	11.29
517	11.24
518	11.28
519	11.27
520	11.24
521	11.25
522	11.23
523	11.28
524	11.25
525	11.27
526	11.25
527	11.27
528	11.25
529	11.25
530	11.24
531	11.27
532	11.25
533	11.23
534	11.25
535	11.25
536	11.25
537	11.25
538	11.22
539	11.26
540	11.26
541	11.23
542	11.25
543	11.25
544	11.25
545	11.26
546	11.23
547	11.25
548	11.24
549	11.25
550	11.24
551	11.25
552	11.25
553	11.23
554	11.25
555	11.25
556	11.24
557	11.24
558	11.22
559	11.23
560	11.21
561	11.26
562	11.2
563	11.22
564	11.25
565	11.24
566	11.22
567	11.26
568	11.22
569	11.22
570	11.23
571	11.23
572	11.24
573	11.23
574	11.24
575	11.24
576	11.22
577	11.21
578	11.21
579	11.22
580	11.23
581	11.24
582	11.23
583	11.23
584	11.21
585	11.21
586	11.22
587	11.24
588	11.22
589	11.25
590	11.22
591	11.22
592	11.23
593	11.23
594	11.21
595	11.24
596	11.21
597	11.2
598	11.21
599	11.22
600	11.21
601	11.21
602	11.21
603	11.21
604	11.2
605	11.22
606	11.24
607	11.23
608	11.22
609	11.24
610	11.21
611	11.24
612	11.21
613	11.21
614	11.22
615	11.2
616	11.22
617	11.21
618	11.23
619	11.21
620	11.23
621	11.23
622	11.23
623	11.2
624	11.24
625	11.24
626	11.24
627	11.2
628	11.21
629	11.2
630	11.22
631	11.19
632	11.21
633	11.21
634	11.2
635	11.21
636	11.22
637	11.21
638	11.23
639	11.23
640	11.19
641	11.22
642	11.21
643	11.22
644	11.22
645	11.2
646	11.22
647	11.19
648	11.22
649	11.22
650	11.22
651	11.23
652	11.23
653	11.18
654	11.21
655	11.21
656	11.2
657	11.2
658	11.21
659	11.18
660	11.18
661	11.19
662	11.22
663	11.2
664	11.19
665	11.18
666	11.18
667	11.19
668	11.18
669	11.19
670	11.2
671	11.21
672	11.2
673	11.21
674	11.21
675	11.19
676	11.19
677	11.19
678	11.2
679	11.19
680	11.2
681	11.19
682	11.19
683	11.22
684	11.21
685	11.18
686	11.2
687	11.2
688	11.19
689	11.19
690	11.19
691	11.19
692	11.19
693	11.18
694	11.17
695	11.2
696	11.21
697	11.2
698	11.2
699	11.21
700	11.19
701	11.2
702	11.18
703	11.2
704	11.21
705	11.19
706	11.18
707	11.19
708	11.21
709	11.17
710	11.19
711	11.2
712	11.15
713	11.2
714	11.19
715	11.21
716	11.19
717	11.2
718	11.19
719	11.19
720	11.19
721	11.17
722	11.19
723	11.17
724	11.13
725	11.19
726	11.18
727	11.19
728	11.2
729	11.19
730	11.19
731	11.18
732	11.2
733	11.17
734	11.17
735	11.17
736	11.16
737	11.18
738	11.19
739	11.19
740	11.17
741	11.17
742	11.18
743	11.18
744	11.16
745	11.18
746	11.18
747	11.18
748	11.16
749	11.18
750	11.19
751	11.17
752	11.17
753	11.19
754	11.18
755	11.17
756	11.17
757	11.15
758	11.18
759	11.18
760	11.18
761	11.17
762	11.16
763	11.2
764	11.17
765	11.17
766	11.19
767	11.19
768	11.16
769	11.19
770	11.15
771	11.17
772	11.17
773	11.18
774	11.15
775	11.18
776	11.16
777	11.16
778	11.19
779	11.19
780	11.19
781	11.17
782	11.18
783	11.2
784	11.16
785	11.17
786	11.19
787	11.18
788	11.17
789	11.2
790	11.18
791	11.19
792	11.17
793	11.16
794	11.18
795	11.17
796	11.17
797	11.18
798	11.17
799	11.17
800	11.19
801	11.18
802	11.16
803	11.17
804	11.19
805	11.16
806	11.15
807	11.18
808	11.16
809	11.16
810	11.17
811	11.16
812	11.14
813	11.17
814	11.18
815	11.18
816	11.16
817	11.17
818	11.16
819	11.17
820	11.16
821	11.14
822	11.17
823	11.16
824	11.17
825	11.17
826	11.17
827	11.17
828	11.18
829	11.15
830	11.15
831	11.17
832	11.15
833	11.15
834	11.15
835	11.15
836	11.12
837	11.14
838	11.17
839	11.16
840	11.16
841	11.18
842	11.18
843	11.14
844	11.14
845	11.15
846	11.14
847	11.16
848	11.16
849	11.14
850	11.16
851	11.16
852	11.15
853	11.18
854	11.14
855	11.14
856	11.17
857	11.15
858	11.16
859	11.15
860	11.15
861	11.16
862	11.14
863	11.16
864	11.15
865	11.19
866	11.14
867	11.16
868	11.13
869	11.14
870	11.16
871	11.13
872	11.14
873	11.14
874	11.14
875	11.14
876	11.15
877	11.14
878	11.16
879	11.16
880	11.16
881	11.16
882	11.16
883	11.16
884	11.15
885	11.18
886	11.15
887	11.15
888	11.13
889	11.15
890	11.16
891	11.16
892	11.15
893	11.17
894	11.13
895	11.15
896	11.14
897	11.16
898	11.13
899	11.15
900	11.13
901	11.16
902	11.14
903	11.15
904	11.16
905	11.15
906	11.16
907	11.13
908	11.14
909	11.16
910	11.14
911	11.13
912	11.16
913	11.13
914	11.15
915	11.14
916	11.13
917	11.16
918	11.14
919	11.16
920	11.15
921	11.16
922	11.15
923	11.14
924	11.18
925	11.13
926	11.13
927	11.16
928	11.15
929	11.14
930	11.14
931	11.12
932	11.14
933	11.13
934	11.15
935	11.13
936	11.14
937	11.16
938	11.16
939	11.15
940	11.13
941	11.15
942	11.14
943	11.15
944	11.14
945	11.14
946	11.15
947	11.14
948	11.14
949	11.13
950	11.14
951	11.13
952	11.14
953	11.18
954	11.16
955	11.16
956	11.14
957	11.12
958	11.14
959	11.14
960	11.15
961	11.14
962	11.15
963	11.13
964	11.13
965	11.15
966	11.14
967	11.13
968	11.16
969	11.14
970	11.15
971	11.14
972	11.14
973	11.13
974	11.14
975	11.15
976	11.15
977	11.14
978	11.14
979	11.14
980	11.13
981	11.13
982	11.16
983	11.13
984	11.15
985	11.14
986	11.13
987	11.15
988	11.14
989	11.14
990	11.14
991	11.14
992	11.13
993	11.17
994	11.14
995	11.11
996	11.13
997	11.15
998	11.15
999	11.14
1000	11.16
1001	11.16
1002	11.14
1003	11.14
1004	11.12
1005	11.15
1006	11.15
1007	11.14
1008	11.17
1009	11.16
1010	11.15
1011	11.16
1012	11.15
1013	11.15
1014	11.15
1015	11.14
1016	11.15
1017	11.15
1018	11.16
1019	11.15
1020	11.14
1021	11.13
1022	11.13
1023	11.11
1024	11.13
1025	11.12
1026	11.11
1027	11.12
1028	11.1
1029	11.13
1030	11.12
1031	11.12
1032	11.15
1033	11.12
1034	11.13
1035	11.13
1036	11.11
1037	11.14
1038	11.09
1039	11.12
1040	11.14
1041	11.15
1042	11.12
1043	11.1
1044	11.13
1045	11.09
1046	11.13
1047	11.12
1048	11.11
1049	11.12
1050	11.14
1051	11.11
1052	11.12
1053	11.12
1054	11.11
1055	11.12
1056	11.1
1057	11.12
1058	11.12
1059	11.12
1060	11.12
1061	11.12
1062	11.15
1063	11.16
1064	11.14
1065	11.13
1066	11.13
1067	11.16
1068	11.14
1069	11.12
1070	11.11
1071	11.12
1072	11.15
1073	11.14
1074	11.11
1075	11.13
1076	11.11
1077	11.12
1078	11.13
1079	11.1
1080	11.14
1081	11.13
1082	11.13
1083	11.11
1084	11.13
1085	11.14
1086	11.14
1087	11.12
1088	11.12
1089	11.12
1090	11.14
1091	11.12
1092	11.13
1093	11.12
1094	11.14
1095	11.13
1096	11.12
1097	11.15
1098	11.14
1099	11.12
1100	11.12
1101	11.14
1102	11.12
1103	11.14
1104	11.14
1105	11.13
1106	11.11
1107	11.13
1108	11.14
1109	11.13
1110	11.13
1111	11.14
1112	11.15
1113	11.13
1114	11.13
1115	11.11
1116	11.13
1117	11.15
1118	11.13
1119	11.12
1120	11.14
1121	11.13
1122	11.13
1123	11.13
1124	11.11
1125	11.14
1126	11.14
1127	11.15
1128	11.14
1129	11.14
1130	11.12
1131	11.13
1132	11.12
1133	11.14
1134	11.11
1135	11.15
1136	11.13
1137	11.14
1138	11.12
1139	11.13
1140	11.16
1141	11.12
1142	11.11
1143	11.13
1144	11.15
1145	11.13
1146	11.13
1147	11.12
1148	11.12
1149	11.11
1150	11.13
1151	11.14
1152	11.13
1153	11.14
1154	11.14
1155	11.12
1156	11.14
1157	11.12
1158	11.15
1159	11.12
1160	11.1
1161	11.12
1162	11.13
1163	11.11
1164	11.11
1165	11.12
1166	11.12
1167	11.13
1168	11.14
1169	11.11
1170	11.11
1171	11.15
1172	11.1
1173	11.11
1174	11.12
1175	11.13
1176	11.12
1177	11.12
1178	11.14
1179	11.13
1180	11.1
1181	11.13
1182	11.12
1183	11.13
1184	11.11
1185	11.12
1186	11.13
1187	11.12
1188	11.11
1189	11.15
1190	11.15
1191	11.13
1192	11.15
1193	11.13
1194	11.11
1195	11.13
1196	11.12
1197	11.12
1198	11.15
1199	11.13
1200	11.14
1201	11.14
1202	11.14
1203	11.13
1204	11.09
1205	11.14
1206	11.13
1207	11.11
1208	11.16
1209	11.12
1210	11.12
1211	11.12
1212	11.14
1213	11.13
1214	11.12
1215	11.11
1216	11.14
1217	11.13
1218	11.14
1219	11.14
1220	11.11
1221	11.09
1222	11.13
1223	11.11
1224	11.13
1225	11.13
1226	11.15
1227	11.14
1228	11.14
1229	11.14
1230	11.12
1231	11.13
1232	11.15
1233	11.15
1234	11.12
1235	11.13
1236	11.13
1237	11.12
1238	11.13
1239	11.11
1240	11.1
1241	11.14
1242	11.12
1243	11.12
1244	11.12
1245	11.11
1246	11.13
1247	11.14
1248	11.14
1249	11.14
1250	11.15
1251	11.13
1252	11.13
1253	11.11
1254	11.12
1255	11.15
1256	11.11
1257	11.11
1258	11.11
1259	11.13
1260	11.13
1261	11.12
1262	11.12
1263	11.1
1264	11.09
1265	11.12
1266	11.12
1267	11.12
1268	11.14
1269	11.12
1270	11.12
1271	11.11
1272	11.11
1273	11.14
1274	11.12
1275	11.14
1276	11.1
1277	11.14
1278	11.1
1279	11.15
1280	11.14
1281	11.13
1282	11.11
1283	11.12
1284	11.12
1285	11.11
1286	11.12
1287	11.14
1288	11.13
1289	11.12
1290	11.12
1291	11.13
1292	11.14
1293	11.12
1294	11.11
1295	11.12
1296	11.11
1297	11.13
1298	11.14
1299	11.09
1300	11.13
1301	11.11
1302	11.13
1303	11.13
1304	11.11
1305	11.12
1306	11.15
1307	11.11
1308	11.13
1309	11.12
1310	11.13
1311	11.14
1312	11.12
1313	11.15
1314	11.13
1315	11.13
1316	11.12
1317	11.12
1318	11.12
1319	11.14
1320	11.13
1321	11.12
1322	11.12
1323	11.13
1324	11.14
1325	11.1
1326	11.12
1327	11.15
1328	11.14
1329	11.13
1330	11.12
1331	11.11
1332	11.13
1333	11.13
1334	11.11
1335	11.12
1336	11.12
1337	11.12
1338	11.13
1339	11.13
1340	11.13
1341	11.12
1342	11.11
1343	11.1
1344	11.1
1345	11.13
1346	11.13
1347	11.12
1348	11.11
1349	11.11
1350	11.11
1351	11.13
1352	11.1
1353	11.12
1354	11.11
1355	11.12
1356	11.14
1357	11.11
1358	11.12
1359	11.14
1360	11.11
1361	11.12
1362	11.12
1363	11.1
1364	11.12
1365	11.12
1366	11.1
1367	11.11
1368	11.1
1369	11.12
1370	11.12
1371	11.13
1372	11.1
1373	11.12
1374	11.11
1375	11.13
1376	11.1
1377	11.13
1378	11.11
1379	11.09
1380	11.1
1381	11.11
1382	11.11
1383	11.12
1384	11.11
1385	11.12
1386	11.11
1387	11.1
1388	11.11
1389	11.11
1390	11.13
1391	11.11
1392	11.11
1393	11.12
1394	11.11
1395	11.1
1396	11.11
1397	11.12
1398	11.11
1399	11.1
1400	11.1
1401	11.09
1402	11.1
1403	11.12
1404	11.1
1405	11.12
1406	11.13
1407	11.12
1408	11.12
1409	11.1
1410	11.1
1411	11.12
1412	11.11
1413	11.11
1414	11.11
1415	11.12
1416	11.1
1417	11.13
1418	11.13
1419	11.15
1420	11.11
1421	11.13
1422	11.14
1423	11.13
1424	11.14
1425	11.14
1426	11.14
1427	11.13
1428	11.13
1429	11.14
1430	11.13
1431	11.15
1432	11.15
1433	11.15
1434	11.14
1435	11.13
1436	11.12
1437	11.13
1438	11.15
1439	11.12
1440	11.13
1441	11.13
1442	11.13
1443	11.12
1444	11.14
1445	11.12
1446	11.15
1447	11.12
1448	11.11
1449	11.13
1450	11.14
1451	11.14
1452	11.12
1453	11.11
1454	11.11
1455	11.11
1456	11.14
1457	11.12
1458	11.12
1459	11.14
1460	11.1
1461	11.13
1462	11.14
1463	11.1
1464	11.13
1465	11.11
1466	11.11
1467	11.12
1468	11.1
1469	11.11
1470	11.14
1471	11.13
1472	11.12
1473	11.13
1474	11.13
1475	11.11
1476	11.14
1477	11.12
1478	11.1
1479	11.15
1480	11.13
1481	11.11
1482	11.15
1483	11.11
1484	11.12
1485	11.11
1486	11.13
1487	11.13
1488	11.14
1489	11.12
1490	11.13
1491	11.12
1492	11.14
1493	11.11
1494	11.12
1495	11.13
1496	11.1
1497	11.15
1498	11.11
1499	11.11
1500	11.1
1501	11.13
1502	11.13
1503	11.12
1504	11.13
1505	11.1
1506	11.14
1507	11.12
1508	11.13
1509	11.13
1510	11.13
1511	11.14
1512	11.11
1513	11.11
1514	11.11
1515	11.14
1516	11.11
1517	11.12
1518	11.12
1519	11.12
1520	11.12
1521	11.14
1522	11.12
1523	11.13
1524	11.16
1525	11.12
1526	11.12
1527	11.14
1528	11.14
1529	11.12
1530	11.14
1531	11.12
1532	11.12
1533	11.11
1534	11.14
1535	11.11
1536	11.13
1537	11.12
1538	11.13
1539	11.11
1540	11.1
1541	11.13
1542	11.11
1543	11.13
1544	11.11
1545	11.13
1546	11.12
1547	11.1
1548	11.13
1549	11.14
1550	11.11
1551	11.12
1552	11.12
1553	11.11
1554	11.12
1555	11.13
1556	11.13
1557	11.12
1558	11.1
1559	11.13
1560	11.12
1561	11.13
1562	11.11
1563	11.1
1564	11.11
1565	11.1
1566	11.12
1567	11.1
1568	11.11
1569	11.12
1570	11.13
1571	11.1
1572	11.14
1573	11.12
1574	11.13
1575	11.14
1576	11.11
1577	11.11
1578	11.12
1579	11.13
1580	11.13
1581	11.11
1582	11.12
1583	11.11
1584	11.11
1585	11.1
1586	11.11
1587	11.11
1588	11.12
1589	11.12
1590	11.12
1591	11.1
1592	11.11
1593	11.11
1594	11.12
1595	11.13
1596	11.12
1597	11.11
1598	11.12
1599	11.13
1600	11.12
1601	11.13
1602	11.15
1603	11.12
1604	11.09
1605	11.11
1606	11.12
1607	11.13
1608	11.15
1609	11.12
1610	11.12
1611	11.1
1612	11.1
1613	11.12
1614	11.12
1615	11.11
1616	11.1
1617	11.12
1618	11.13
1619	11.11
1620	11.12
1621	11.15
1622	11.12
1623	11.13
1624	11.11
1625	11.12
1626	11.12
1627	11.12
1628	11.12
1629	11.14
1630	11.12
1631	11.12
1632	11.13
1633	11.11
1634	11.13
1635	11.12
1636	11.1
1637	11.12
1638	11.14
1639	11.14
1640	11.13
1641	11.1
1642	11.12
1643	11.12
1644	11.11
1645	11.11
1646	11.11
1647	11.13
1648	11.11
1649	11.12
1650	11.15
1651	11.11
1652	11.13
1653	11.14
1654	11.14
1655	11.12
1656	11.13
1657	11.14
1658	11.11
1659	11.11
1660	11.13
1661	11.12
1662	11.11
1663	11.11
1664	11.12
1665	11.13
1666	11.11
1667	11.11
1668	11.13
1669	11.12
1670	11.11
1671	11.11
1672	11.1
1673	11.11
1674	11.11
1675	11.13
1676	11.1
1677	11.11
1678	11.12
1679	11.16
1680	11.14
1681	11.11
1682	11.12
1683	11.11
1684	11.11
1685	11.12
1686	11.11
1687	11.13
1688	11.11
1689	11.09
1690	11.11
1691	11.14
1692	11.12
1693	11.12
1694	11.13
1695	11.12
1696	11.13
1697	11.11
1698	11.11
1699	11.13
1700	11.09
1701	11.1
1702	11.12
1703	11.1
1704	11.11
1705	11.12
1706	11.11
1707	11.11
1708	11.1
1709	11.11
1710	11.12
1711	11.12
1712	11.11
1713	11.13
1714	11.13
1715	11.1
1716	11.13
1717	11.1
1718	11.12
1719	11.12
1720	11.11
1721	11.11
1722	11.12
1723	11.11
1724	11.13
1725	11.13
1726	11.12
1727	11.11
1728	11.12
1729	11.13
1730	11.12
1731	11.11
1732	11.12
1733	11.1
1734	11.1
1735	11.14
1736	11.15
1737	11.12
1738	11.11
1739	11.12
1740	11.11
1741	11.11
1742	11.08
1743	11.12
1744	11.1
1745	11.1
1746	11.13
1747	11.1
1748	11.13
1749	11.11
1750	11.09
1751	11.13
1752	11.11
1753	11.11
1754	11.11
1755	11.14
1756	11.09
1757	11.12
1758	11.11
1759	11.11
1760	11.1
1761	11.1
1762	11.1
1763	11.11
1764	11.13
1765	11.1
1766	11.1
1767	11.11
1768	11.11
1769	11.09
1770	11.11
1771	11.1
1772	11.11
1773	11.11
1774	11.09
1775	11.11
1776	11.11
1777	11.11
1778	11.11
1779	11.1
1780	11.1
1781	11.11
1782	11.08
1783	11.1
1784	11.1
1785	11.1
1786	11.11
1787	11.12
1788	11.11
1789	11.11
1790	11.1
1791	11.11
1792	11.11
1793	11.1
1794	11.1
1795	11.09
1796	11.11
1797	11.1
1798	11.11
1799	11.1
1800	11.1
1801	11.09
1802	11.11
1803	11.12
1804	11.09
1805	11.11
1806	11.1
1807	11.1
1808	11.11
1809	11.12
1810	11.11
1811	11.11
1812	11.12
1813	11.11
1814	11.11
1815	11.1
1816	11.12
1817	11.12
1818	11.11
1819	11.11
1820	11.11
1821	11.11
1822	11.11
1823	11.11
1824	11.12
1825	11.12
1826	11.11
1827	11.11
1828	11.12
1829	11.12
1830	11.13
1831	11.12
1832	11.1
1833	11.12
1834	11.11
1835	11.1
1836	11.11
1837	11.1
1838	11.12
1839	11.1
1840	11.13
1841	11.09
1842	11.11
1843	11.09
1844	11.1
1845	11.11
1846	11.1
1847	11.11
1848	11.12
1849	11.12
1850	11.13
1851	11.15
1852	11.11
1853	11.12
1854	11.08
1855	11.06
1856	11.1
1857	11.1
1858	11.11
1859	11.08
1860	11.11
1861	11.09
1862	11.11
1863	11.1
1864	11.11
1865	11.11
1866	11.11
1867	11.12
1868	11.09
1869	11.1
1870	11.13
1871	11.11
1872	11.12
1873	11.11
1874	11.13
1875	11.09
1876	11.11
1877	11.12
1878	11.1
1879	11.11
1880	11.11
1881	11.1
1882	11.12
1883	11.09
1884	11.13
1885	11.1
1886	11.11
1887	11.09
1888	11.07
1889	11.12
1890	11.11
1891	11.1
1892	11.1
1893	11.11
1894	11.1
1895	11.08
1896	11.1
1897	11.12
1898	11.11
1899	11.11
1900	11.11
1901	11.12
1902	11.1
1903	11.12
1904	11.11
1905	11.11
1906	11.09
1907	11.11
1908	11.1
1909	11.09
1910	11.12
1911	11.11
1912	11.11
1913	11.11
1914	11.11
1915	11.11
1916	11.1
1917	11.12
1918	11.12
1919	11.11
1920	11.11
1921	11.11
1922	11.13
1923	11.13
1924	11.1
1925	11.12
1926	11.11
1927	11.11
1928	11.11
1929	11.12
1930	11.12
1931	11.1
1932	11.13
1933	11.11
1934	11.09
1935	11.13
1936	11.12
1937	11.11
1938	11.11
1939	11.12
1940	11.11
1941	11.13
1942	11.09
1943	11.11
1944	11.1
1945	11.1
1946	11.12
1947	11.11
1948	11.12
1949	11.11
1950	11.1
1951	11.11
1952	11.1
1953	11.11
1954	11.09
1955	11.13
1956	11.13
1957	11.1
1958	11.11
1959	11.11
1960	11.09
1961	11.08
1962	11.1
1963	11.12
1964	11.11
1965	11.09
1966	11.1
1967	11.12
1968	11.1
1969	11.1
1970	11.11
1971	11.1
1972	11.08
1973	11.11
1974	11.11
1975	11.11
1976	11.12
1977	11.11
1978	11.11
1979	11.11
1980	11.09
1981	11.1
1982	11.07
1983	11.1
1984	11.11
1985	11.1
1986	11.11
1987	11.12
1988	11.09
1989	11.11
1990	11.1
1991	11.09
1992	11.12
1993	11.09
1994	11.1
1995	11.09
1996	11.11
1997	11.09
1998	11.09
1999	11.1
2000	11.07
2001	11.08
2002	11.1
2003	11.12
2004	11.11
2005	11.13
2006	11.09
2007	11.11
2008	11.1
2009	11.12
2010	11.11
2011	11.13
2012	11.11
2013	11.1
2014	11.11
2015	11.09
2016	11.11
2017	11.08
2018	11.09
2019	11.11
2020	11.12
2021	11.14
2022	11.11
2023	11.07
2024	11.08
2025	11.11
2026	11.14
2027	11.11
2028	11.11
2029	11.11
2030	11.11
2031	11.11
2032	11.09
2033	11.1
2034	11.09
2035	11.09
2036	11.12
2037	11.09
2038	11.11
2039	11.08
2040	11.1
2041	11.08
2042	11.1
2043	11.08
2044	11.07
2045	11.09
2046	11.1
2047	11.11
2048	11.12
2049	11.1
2050	11.1
2051	11.08
2052	11.08
2053	11.08
2054	11.07
2055	11.09
2056	11.1
2057	11.08
2058	11.08
2059	11.09
2060	11.11
2061	11.11
2062	11.08
2063	11.08
2064	11.08
2065	11.1
2066	11.08
2067	11.07
2068	11.09
2069	11.09
2070	11.07
2071	11.07
2072	11.09
2073	11.07
2074	11.07
2075	11.09
2076	11.09
2077	11.09
2078	11.07
2079	11.09
2080	11.08
2081	11.09
2082	11.11
2083	11.07
2084	11.08
2085	11.09
2086	11.06
2087	11.09
2088	11.1
2089	11.09
2090	11.08
2091	11.08
2092	11.11
2093	11.1
2094	11.07
2095	11.1
2096	11.05
2097	11.09
2098	11.11
2099	11.07
2100	11.08
2101	11.09
2102	11.1
2103	11.09
2104	11.07
2105	11.07
2106	11.09
2107	11.09
2108	11.06
2109	11.07
2110	11.08
2111	11.1
2112	11.09
2113	11.1
2114	11.1
2115	11.08
2116	11.06
2117	11.09
2118	11.08
2119	11.07
2120	11.09
2121	11.11
2122	11.08
2123	11.08
2124	11.06
2125	11.1
2126	11.1
2127	11.08
2128	11.08
2129	11.1
2130	11.09
2131	11.09
2132	11.1
2133	11.09
2134	11.1
2135	11.12
2136	11.08
2137	11.07
2138	11.08
2139	11.1
2140	11.08
2141	11.08
2142	11.08
2143	11.07
2144	11.11
2145	11.11
2146	11.06
2147	11.08
2148	11.11
2149	11.09
2150	11.08
2151	11.1
2152	11.08
2153	11.12
2154	11.06
2155	11.08
2156	11.05
2157	11.09
2158	11.08
2159	11.11
2160	11.07
2161	11.08
2162	11.1
2163	11.09
2164	11.08
2165	11.07
2166	11.07
2167	11.08
2168	11.09
2169	11.08
2170	11.08
2171	11.08
2172	11.09
2173	11.09
2174	11.08
2175	11.07
2176	11.07
2177	11.09
2178	11.08
2179	11.1
2180	11.07
2181	11.08
2182	11.07
2183	11.08
2184	11.09
2185	11.08
2186	11.11
2187	11.1
2188	11.09
2189	11.1
2190	11.09
2191	11.11
2192	11.12
2193	11.11
2194	11.09
2195	11.09
2196	11.1
2197	11.08
2198	11.1
2199	11.11
2200	11.1
2201	11.1
2202	11.08
2203	11.08
2204	11.1
2205	11.1
2206	11.1
2207	11.1
2208	11.1
2209	11.08
2210	11.11
2211	11.11
2212	11.11
2213	11.1
2214	11.11
2215	11.1
2216	11.1
2217	11.08
2218	11.1
2219	11.11
2220	11.09
2221	11.09
2222	11.1
2223	11.1
2224	11.09
2225	11.12
2226	11.09
2227	11.09
2228	11.09
2229	11.11
2230	11.1
2231	11.09
2232	11.08
2233	11.09
2234	11.09
2235	11.11
2236	11.07
2237	11.1
2238	11.08
2239	11.1
2240	11.07
2241	11.09
2242	11.08
2243	11.09
2244	11.09
2245	11.07
2246	11.08
2247	11.08
2248	11.08
2249	11.08
2250	11.1
2251	11.09
2252	11.08
2253	11.09
2254	11.08
2255	11.07
2256	11.07
2257	11.07
2258	11.09
2259	11.08
2260	11.07
2261	11.07
2262	11.09
2263	11.11
2264	11.09
2265	11.09
2266	11.07
2267	11.07
2268	11.05
2269	11.1
2270	11.06
2271	11.08
2272	11.07
2273	11.08
2274	11.06
2275	11.07
2276	11.08
2277	11.09
2278	11.09
2279	11.08
2280	11.05
2281	11.07
2282	11.08
2283	11.07
2284	11.07
2285	11.06
2286	11.06
2287	11.08
2288	11.07
2289	11.08
2290	11.07
2291	11.08
2292	11.07
2293	11.04
2294	11.08
2295	11.05
2296	11.06
2297	11.09
2298	11.08
2299	11.08
2300	11.07
2301	11.07
2302	11.09
2303	11.07
2304	11.08
2305	11.07
2306	11.08
2307	11.09
2308	11.09
2309	11.07
2310	11.07
2311	11.08
2312	11.07
2313	11.09
2314	11.08
2315	11.08
2316	11.06
2317	11.08
2318	11.09
2319	11.08
2320	11.09
2321	11.09
2322	11.06
2323	11.09
2324	11.08
2325	11.07
2326	11.09
2327	11.08
2328	11.08
2329	11.09
2330	11.08
2331	11.09
2332	11.07
2333	11.07
2334	11.09
2335	11.07
2336	11.08
2337	11.06
2338	11.09
2339	11.07
2340	11.07
2341	11.07
2342	11.07
2343	11.08
2344	11.1
2345	11.07
2346	11.09
2347	11.07
2348	11.07
2349	11.09
2350	11.11
2351	11.07
2352	11.08
2353	11.04
2354	11.07
2355	11.08
2356	11.08
2357	11.06
2358	11.08
2359	11.07
2360	11.06
2361	11.04
2362	11.07
2363	11.05
2364	11.06
2365	11.05
2366	11.08
2367	11.08
2368	11.08
2369	11.06
2370	11.08
2371	11.07
2372	11.08
2373	11.06
2374	11.06
2375	11.07
2376	11.08
2377	11.06
2378	11.08
2379	11.08
2380	11.05
2381	11.07
2382	11.08
2383	11.08
2384	11.06
2385	11.07
2386	11.09
2387	11.07
2388	11.06
2389	11.07
2390	11.08
2391	11.06
2392	11.08
2393	11.08
2394	11.08
2395	11.07
2396	11.05
2397	11.07
2398	11.06
2399	11.07
2400	11.06
2401	11.06
2402	11.06
2403	11.06
2404	11.07
2405	11.07
2406	11.09
2407	11.1
2408	11.08
2409	11.07
2410	11.07
2411	11.06
2412	11.09
2413	11.11
2414	11.1
2415	11.07
2416	11.07
2417	11.07
2418	11.06
2419	11.07
2420	11.07
2421	11.08
2422	11.06
2423	11.07
2424	11.06
2425	11.09
2426	11.08
2427	11.05
2428	11.07
2429	11.08
2430	11.07
2431	11.06
2432	11.09
2433	11.07
2434	11.09
2435	11.08
2436	11.05
2437	11.04
2438	11.07
2439	11.1
2440	11.09
2441	11.09
2442	11.07
2443	11.1
2444	11.07
2445	11.09
2446	11.07
2447	11.09
2448	11.07
2449	11.08
2450	11.07
2451	11.05
2452	11.07
2453	11.07
2454	11.08
2455	11.07
2456	11.09
2457	11.07
2458	11.07
2459	11.08
2460	11.09
2461	11.06
2462	11.07
2463	11.09
2464	11.09
2465	11.06
2466	11.06
2467	11.06
2468	11.09
2469	11.07
2470	11.07
2471	11.08
2472	11.07
2473	11.04
2474	11.06
2475	11.07
2476	11.05
2477	11.08
2478	11.06
2479	11.09
2480	11.07
2481	11.07
2482	11.08
2483	11.05
2484	11.07
2485	11.06
2486	11.08
2487	11.07
2488	11.07
2489	11.07
2490	11.07
2491	11.07
2492	11.08
2493	11.06
2494	11.06
2495	11.06
2496	11.07
2497	11.09
2498	11.09
2499	11.1
2500	11.06
2501	11.07
2502	11.05
2503	11.08
2504	11.1
2505	11.06
2506	11.06
2507	11.07
2508	11.09
2509	11.06
2510	11.05
2511	11.08
2512	11.07
2513	11.07
2514	11.08
2515	11.07
2516	11.07
2517	11.08
2518	11.08
2519	11.07
2520	11.07
2521	11.09
2522	11.08
2523	11.08
2524	11.06
2525	11.06
2526	11.07
2527	11.08
2528	11.1
2529	11.08
2530	11.08
2531	11.07
2532	11.06
2533	11.1
2534	11.09
2535	11.08
2536	11.07
2537	11.07
2538	11.08
2539	11.07
2540	11.07
2541	11.08
2542	11.07
2543	11.06
2544	11.07
2545	11.09
2546	11.08
2547	11.06
2548	11.08
2549	11.07
2550	11.08
2551	11.06
2552	11.08
2553	11.09
2554	11.05
2555	11.09
2556	11.07
2557	11.06
2558	11.07
2559	11.04
2560	11.06
2561	11.06
2562	11.07
2563	11.09
2564	11.06
2565	11.07
2566	11.07
2567	11.08
2568	11.05
2569	11.08
2570	11.07
2571	11.09
2572	11.07
2573	11.05
2574	11.07
2575	11.07
2576	11.07
2577	11.07
2578	11.06
2579	11.06
2580	11.07
2581	11.08
2582	11.06
2583	11.05
2584	11.08
2585	11.07
2586	11.06
2587	11.06
2588	11.09
2589	11.08
2590	11.09
2591	11.08
2592	11.07
2593	11.09
2594	11.05
2595	11.07
2596	11.07
2597	11.08
2598	11.07
2599	11.08
2600	11.05
2601	11.07
2602	11.09
2603	11.06
2604	11.08
2605	11.07
2606	11.06
2607	11.06
2608	11.09
2609	11.08
2610	11.07
2611	11.08
2612	11.09
2613	11.08
2614	11.07
2615	11.07
2616	11.07
2617	11.07
2618	11.09
2619	11.07
2620	11.08
2621	11.06
2622	11.1
2623	11.05
2624	11.07
2625	11.09
2626	11.09
2627	11.07
2628	11.09
2629	11.08
2630	11.05
2631	11.07
2632	11.08
2633	11.08
2634	11.08
2635	11.06
2636	11.07
2637	11.05
2638	11.07
2639	11.05
2640	11.06
2641	11.06
2642	11.05
2643	11.05
2644	11.02
2645	11.05
2646	11.06
2647	11.06
2648	11.06
2649	11.05
2650	11.07
2651	11.05
2652	11.04
2653	11.02
2654	11.05
2655	11.08
2656	11.04
2657	11.04
2658	11.05
2659	11.04
2660	11.04
2661	11.03
2662	11.06
2663	11.06
2664	11.05
2665	11.04
2666	11.05
2667	11.03
2668	11.05
2669	11.06
2670	11.05
2671	11.05
2672	11.04
2673	11.04
2674	11.06
2675	11.04
2676	11.07
2677	11.07
2678	11.05
2679	11.05
2680	11.07
2681	11.06
2682	11.04
2683	11.05
2684	11.05
2685	11.04
2686	11.04
2687	11.05
2688	11.04
2689	11.04
2690	11.06
2691	11.07
2692	11.03
2693	11.06
2694	11.05
2695	11.04
2696	11.09
2697	11.05
2698	11.04
2699	11.05
2700	11.05
2701	11.05
2702	11.05
2703	11.07
2704	11.07
2705	11.06
2706	11.06
2707	11.07
2708	11.06
2709	11.03
2710	11.01
2711	11.03
2712	11.02
2713	11.07
2714	11.06
2715	11.07
2716	11.05
2717	11.03
2718	11.04
2719	11.05
2720	11.03
2721	11.03
2722	11.03
2723	11.06
2724	11.07
2725	11.06
2726	11.03
2727	11.05
2728	11.05
2729	11.03
2730	11.04
2731	11.05
2732	11.04
2733	11.04
2734	11.04
2735	11.04
2736	11.05
2737	11.04
2738	11.05
2739	11.02
2740	11.05
2741	11.03
2742	11.04
2743	11.05
2744	11.01
2745	11.05
2746	11.03
2747	11.03
2748	11.03
2749	10.99
2750	11.02
2751	11.03
2752	11.04
2753	11.03
2754	11.04
2755	11.04
2756	11.03
2757	11.03
2758	11.04
2759	11.04
2760	11.02
2761	11.03
2762	11.03
2763	11.06
2764	11.04
2765	11.04
2766	11.04
2767	11.04
2768	11.04
2769	11.01
2770	11.04
2771	11.02
2772	11.04
2773	11.04
2774	11.03
2775	11.04
2776	11.05
2777	11.04
2778	11.05
2779	11.04
2780	11.06
2781	11.04
2782	11.03
2783	11.02
2784	11.02
2785	11.05
2786	11.03
2787	11.04
2788	11.04
2789	11.04
2790	11.04
2791	11.02
2792	11.04
2793	11.05
2794	11.03
2795	11.03
2796	11.03
2797	11.07
2798	11.05
2799	11.01
2800	11.05
2801	11.04
2802	11.05
2803	11.04
2804	11.04
2805	11.02
2806	11.06
2807	11.03
2808	11.03
2809	11.01
2810	11.05
2811	11.04
2812	11.04
2813	11.05
2814	11.03
2815	11.03
2816	11.04
2817	11.02
2818	11.05
2819	11.05
2820	11.03
2821	11.03
2822	11.02
2823	11.03
2824	11.03
2825	11.04
2826	11.05
2827	11.03
2828	11.04
2829	11.05
2830	11.03
2831	11.02
2832	11.06
2833	11.03
2834	11.06
2835	11.05
2836	11.04
2837	11.04
2838	11.04
2839	11.04
2840	11.03
2841	11.04
2842	11.05
2843	11.05
2844	11.03
2845	11.04
2846	11.05
2847	11.05
2848	11.02
2849	11.02
2850	11.05
2851	11.04
2852	11.03
2853	11.02
2854	11.04
2855	11.05
2856	11.03
2857	11.01
2858	11.03
2859	11.03
2860	11.04
2861	11.03
2862	11.02
2863	11.01
2864	11.03
2865	11.04
2866	11.05
2867	11.03
2868	11.03
2869	11.02
2870	11.03
2871	11.03
2872	11.02
2873	11.03
2874	11.04
2875	11.03
2876	11.03
2877	11.02
2878	11
2879	11.01
2880	11.03
2881	11.02
2882	11.02
2883	11.05
2884	11.05
2885	11.02
2886	11.02
2887	11.01
2888	11.02
2889	11.02
2890	11.03
2891	11.02
2892	11.05
2893	11.03
2894	11.04
2895	11.03
2896	11.03
2897	11.03
2898	11.02
2899	11.04
2900	11.03
2901	11.03
2902	11.03
2903	11.04
2904	11.02
2905	11.05
2906	11.04
2907	11.03
2908	11.01
2909	11.02
2910	11.04
2911	11.05
2912	11.02
2913	11.01
2914	11.02
2915	11.05
2916	11.01
2917	11.04
2918	11.02
2919	11.04
2920	11.04
2921	11.02
2922	11.01
2923	11.02
2924	10.99
2925	11
2926	11.01
2927	11.03
2928	11.04
2929	11.04
2930	11.03
2931	11.04
2932	11.04
2933	11.06
2934	11.02
2935	11.04
2936	11.01
2937	11.03
2938	11.02
2939	11.02
2940	11.03
2941	11.02
2942	11.02
2943	11.01
2944	11.01
2945	11.04
2946	11.04
2947	11.04
2948	11.02
2949	11.03
2950	11.05
2951	11.02
2952	11.02
2953	11.02
2954	11.04
2955	11.01
2956	11.02
2957	11.02
2958	11.02
2959	11.01
2960	11.01
2961	11.05
2962	11.02
2963	11.04
2964	11.01
2965	11
2966	11.03
2967	11.03
2968	11.03
2969	11.01
2970	11
2971	11
2972	11.01
2973	11.01
2974	11.01
2975	10.98
2976	10.99
2977	11.01
2978	11.04
2979	11.01
2980	11
2981	11.01
2982	11
2983	11
2984	11.01
2985	11.01
2986	11.02
2987	11.01
2988	11.02
2989	10.98
2990	11.01
2991	11
2992	11.01
2993	11.01
2994	11.01
2995	11.01
2996	11.02
2997	11.01
2998	11.02
2999	11.03
3000	11.01
3001	11.03
3002	11
3003	11.03
3004	11.02
3005	11.01
3006	11.02
3007	10.99
3008	11.01
3009	11.01
3010	11.01
3011	11.01
3012	11.02
3013	11.01
3014	11.02
3015	11.01
3016	11.02
3017	11.03
3018	11.03
3019	11.02
3020	11.01
3021	11
3022	11
3023	10.98
3024	11.01
3025	11
3026	11.01
3027	11
3028	11.02
3029	11
3030	10.99
3031	11
3032	10.99
3033	10.99
3034	11.02
3035	11
3036	11.02
3037	11.01
3038	11
3039	11.02
3040	11
3041	11.01
3042	11.01
3043	11.01
3044	11.02
3045	11.01
3046	11.02
3047	11
3048	11
3049	11
3050	11
3051	11
3052	11.03
3053	11.01
3054	10.99
3055	11.01
3056	11.03
3057	11.02
3058	11.01
3059	11
3060	11.02
3061	11
3062	11
3063	11.02
3064	11.02
3065	10.99
3066	11
3067	10.98
3068	11
3069	11.02
3070	10.99
3071	11.01
3072	11.01
3073	11.03
3074	11.01
3075	10.98
3076	10.98
3077	10.99
3078	10.97
3079	10.98
3080	10.99
3081	10.98
3082	10.97
3083	10.99
3084	10.96
3085	10.97
3086	11
3087	10.96
3088	11
3089	10.97
3090	10.99
3091	10.98
3092	10.99
3093	10.99
3094	10.98
3095	10.98
3096	10.98
3097	10.99
3098	10.98
3099	10.99
3100	11
3101	11
3102	10.97
3103	10.98
3104	10.99
3105	10.98
3106	10.99
3107	10.98
3108	10.96
3109	10.98
3110	10.98
3111	11
3112	10.99
3113	11
3114	10.98
3115	10.97
3116	10.97
3117	10.98
3118	10.98
3119	10.99
3120	10.98
3121	10.97
3122	10.98
3123	10.98
3124	10.98
3125	10.99
3126	10.99
3127	10.98
3128	10.96
3129	10.98
3130	10.99
3131	11
3132	11
3133	10.99
3134	10.98
3135	11
3136	10.96
3137	10.96
3138	11
3139	11.01
3140	10.98
3141	10.98
3142	10.97
3143	11.02
3144	11
3145	11.01
3146	11.01
3147	11
3148	11.02
3149	11.02
3150	11
3151	11
3152	10.99
3153	11.02
3154	11.01
3155	11
3156	10.99
3157	11.03
3158	11
3159	11.02
3160	11.03
3161	11.01
3162	11.03
3163	11.02
3164	11
3165	11.01
3166	11.01
3167	11.02
3168	11.02
3169	11
3170	11.03
3171	11.01
3172	10.99
3173	10.99
3174	10.98
3175	11.02
3176	11.03
3177	11
3178	11.01
3179	10.99
3180	11.02
3181	11.01
3182	11
3183	11.01
3184	11.01
3185	11.01
3186	10.99
3187	10.98
3188	10.99
3189	10.99
3190	11
3191	11
3192	11
3193	11.02
3194	11.02
3195	11.02
3196	11.03
3197	11
3198	11.02
3199	11
3200	11.01
3201	10.99
3202	11.02
3203	11.01
3204	11
3205	11.01
3206	11
3207	11.04
3208	11.01
3209	11.01
3210	11
3211	10.98
3212	11.01
3213	11.01
3214	11.01
3215	11.02
3216	11.01
3217	11.01
3218	11
3219	11.04
3220	11.02
3221	11.02
3222	11.01
3223	11
3224	11.02
3225	11
3226	11.01
3227	11.02
3228	10.98
3229	11.02
3230	10.99
3231	11
3232	11
3233	11
3234	11
3235	10.99
3236	10.99
3237	11.03
3238	11
3239	11.01
3240	11.01
3241	11.02
3242	11.02
3243	11.02
3244	10.99
3245	11.01
3246	11
3247	11
3248	11
3249	10.99
3250	11.02
3251	11.05
3252	11.03
3253	11
3254	11
3255	11
3256	11.01
3257	11
3258	11.02
3259	11.02
3260	11.01
3261	10.99
3262	11
3263	10.97
3264	10.99
3265	11
3266	11.02
3267	11
3268	11.02
3269	11
3270	11.01
3271	10.99
3272	11.01
3273	11.01
3274	11.01
3275	11.01
3276	11
3277	11.01
3278	11
3279	11.03
3280	11.01
3281	11.02
3282	11.02
3283	11.02
3284	11.01
3285	11
3286	10.98
3287	11.02
3288	11
3289	10.99
3290	11.01
3291	10.99
3292	10.98
3293	11.02
3294	11.01
3295	11.02
3296	10.99
3297	10.99
3298	11
3299	11
3300	11.01
3301	10.99
3302	11
3303	11
3304	11
3305	11.01
3306	10.99
3307	11.01
3308	11.01
3309	11.03
3310	11.03
3311	11.01
3312	11.01
3313	10.99
3314	11.01
3315	11
3316	11
3317	11
3318	11.05
3319	11
3320	10.98
3321	10.99
3322	11
3323	11.02
3324	11.02
3325	11
3326	11.01
3327	11
3328	11
3329	11.01
3330	11
3331	11
3332	11.02
3333	10.98
3334	11
3335	10.99
3336	11
3337	10.99
3338	11.01
3339	11
3340	11.04
3341	11.02
3342	11
3343	11.01
3344	10.99
3345	11.02
3346	11.01
3347	11.02
3348	11.01
3349	11
3350	11
3351	11.01
3352	11.03
3353	11
3354	11.01
3355	10.98
3356	11.02
3357	10.99
3358	11.02
3359	11.02
3360	10.99
3361	11.01
3362	11
3363	11
3364	10.99
3365	10.99
3366	11
3367	11.02
3368	11
3369	11.01
3370	11
3371	10.99
3372	11
3373	10.99
3374	11.02
3375	11
3376	11.02
3377	11
3378	10.99
3379	11
3380	11.01
3381	11.01
3382	11.01
3383	10.99
3384	11
3385	10.99
3386	11.02
3387	10.99
3388	11.03
3389	11.02
3390	11
3391	11.01
3392	10.99
3393	11
3394	11
3395	11.01
3396	11
3397	11
3398	10.99
3399	11.01
3400	10.99
3401	11
3402	11
3403	11.02
3404	10.99
3405	10.99
3406	11.01
3407	11.01
3408	10.99
3409	10.99
3410	11.01
3411	10.99
3412	10.99
3413	11
3414	11
3415	11.02
3416	11.02
3417	11.01
3418	11
3419	11
3420	11
3421	11
3422	11
3423	11.01
3424	11
3425	11
3426	11.02
3427	11
3428	10.99
3429	11.02
3430	11.01
3431	10.99
3432	10.99
3433	10.99
3434	10.99
3435	11.01
3436	11.01
3437	10.99
3438	11.02
3439	11
3440	10.99
3441	11
3442	11.02
3443	10.99
3444	11.01
3445	11.02
3446	11
3447	11.02
3448	11
3449	11
3450	10.99
3451	10.99
3452	11.01
3453	11.02
3454	11.02
3455	10.98
3456	10.99
3457	11.01
3458	10.98
3459	11.01
3460	11.01
3461	11
3462	11.01
3463	11.01
3464	11.01
3465	11
3466	11
3467	11
3468	11.01
3469	10.99
3470	10.99
3471	11.01
3472	10.99
3473	10.99
3474	11
3475	11.01
3476	11.01
3477	10.99
3478	11
3479	10.99
3480	11.02
3481	10.99
3482	11
3483	11.01
3484	11
3485	10.99
3486	11
3487	11.01
3488	11.02
3489	11
3490	11.01
3491	11.01
3492	11
3493	11
3494	11.01
3495	11.01
3496	11.01
3497	10.97
3498	11.03
3499	10.99
3500	10.99
3501	10.99
3502	11
3503	11
3504	10.99
3505	11.02
3506	11
3507	10.98
3508	11
3509	11
3510	10.97
3511	11.02
3512	11
3513	11.01
3514	11.01
3515	11.02
3516	11.01
3517	11.02
3518	11.01
3519	11.01
3520	11.01
3521	11.02
3522	11.04
3523	11
3524	11.01
3525	11
3526	10.99
3527	11.01
3528	11.01
3529	11.01
3530	11
3531	11
3532	11.02
3533	11
3534	11.04
3535	10.99
3536	10.99
3537	11.02
3538	10.98
3539	10.99
3540	11.01
3541	10.99
3542	10.99
3543	11.01
3544	11
3545	11
3546	11
3547	11.02
3548	11.01
3549	11
3550	11.01
3551	11
3552	10.99
3553	10.99
3554	10.99
3555	11
3556	10.98
3557	11
3558	11
3559	10.97
3560	11
3561	11
3562	11
3563	11
3564	10.98
3565	11.01
3566	11
3567	11.01
3568	10.99
3569	11
3570	11.01
3571	10.99
3572	11.01
3573	10.99
3574	11.01
3575	10.98
3576	11
3577	11.03
3578	11
3579	11.01
3580	11.01
3581	11.01
3582	11.01
3583	10.99
3584	11
3585	11
3586	10.99
3587	11.02
3588	10.98
3589	11.01
3590	10.99
3591	10.99
3592	11.01
3593	10.99
3594	10.99
3595	10.99
3596	11.01
3597	10.99
3598	11
3599	11.01
3600	11
3601	10.98
3602	10.98